200
19 17 58
147 197 89
183 26 59
92 173 159
22 18 167
61 88 10
111 132 152
97 82 173
89 83 119
109 18 190
104 119 139
170 64 132
124 7 21
191 4 108
36 7 109
131 158 83
49 67 26
118 176 127
64 195 168
19 65 71
0 27 167
108 9 102
35 122 87
168 16 122
154 31 66
79 186 163
14 10 31
23 65 88
163 116 129
87 130 78
96 93 12
81 128 170
52 96 71
101 150 36
8 129 79
35 195 104
154 106 195
134 123 77
55 41 170
4 110 184
101 123 178
197 192 16
50 118 89
128 173 28
198 156 120
112 38 175
114 158 141
36 160 72
55 77 37
146 174 63
1 7 44
154 65 116
93 160 30
88 35 78
169 39 62
120 37 106
87 144 34
146 179 185
181 32 101
77 1 38
53 10 83
25 90 162
112 35 70
29 16 41
32 33 19
148 105 179
156 58 90
51 181 110
80 81 29
44 172 186
35 140 101
28 92 150
143 80 70
48 111 154
52 88 31
34 11 159
151 45 196
60 109 20
149 184 101
4 148 23
77 197 119
49 19 89
89 76 155
39 126 57
101 167 22
70 93 15
164 87 51
93 73 7
199 97 100
181 99 187
26 167 100
71 144 26
143 46 77
135 46 69
90 6 99
21 11 148
87 68 7
24 38 171
165 85 26
121 196 178
75 114 144
192 193 72
67 98 50
74 22 195
115 18 155
46 84 42
127 104 15
146 65 26
103 78 43
100 172 193
161 198 176
63 8 71
118 123 92
182 136 169
90 28 190
146 110 72
5 96 117
35 127 87
33 137 52
173 151 13
195 33 128
99 8 165
140 135 69
52 47 144
162 20 66
156 30 31
83 101 170
18 126 62
104 76 161
15 45 0
136 188 143
62 127 69
81 74 96
186 25 29
50 116 79
101 25 114
60 38 144
161 92 106
31 38 114
179 40 32
135 143 41
78 2 134
85 195 143
9 53 117
141 100 191
80 49 72
107 126 130
162 103 19
121 94 175
94 144 194
38 182 3
40 16 9
42 38 173
131 68 128
58 49 106
0 141 77
59 64 21
69 140 81
100 29 27
80 99 74
32 127 59
120 198 148
104 29 97
191 10 192
15 81 6
62 81 153
38 65 51
103 188 37
9 161 116
171 66 54
59 40 185
143 136 40
156 100 33
121 149 136
29 153 113
59 67 28
193 92 153
66 196 44
115 28 57
140 18 69
170 179 190
101 64 70
99 118 197
179 166 68
80 125 139
147 165 23
178 160 93
194 37 187
119 81 57
162 0 114
138 171 88
7 72 90
149 4 29
145 170 71
87 188 92
79 137 119
127 150 187
52 150 75
1 163 11
49 12 163
