50
187 75 17
85 92 107
152 177 2
110 56 42
5 93 66
44 16 170
80 0 133
78 87 48
183 135 172
142 16 189
151 88 40
151 191 162
74 168 182
153 158 10
54 53 127
99 120 136
111 148 27
87 101 55
114 166 132
197 94 100
108 91 155
19 156 5
123 183 59
170 40 13
97 69 181
41 154 149
139 138 103
73 172 125
62 178 91
169 124 149
47 41 63
86 85 139
18 113 30
39 153 17
50 16 132
135 87 121
46 123 72
43 34 106
179 127 123
96 125 92
180 129 12
82 154 42
56 95 164
135 26 116
17 39 30
44 192 36
66 76 69
4 111 116
195 118 32
170 150 32
