100
164 50 59
86 3 170
189 194 186
148 92 14
13 5 17
80 158 112
137 32 45
105 116 38
98 167 39
129 81 123
45 184 13
20 92 42
65 22 75
36 128 119
145 152 27
172 119 189
105 43 117
84 177 184
69 146 10
71 7 182
61 183 128
175 71 20
41 0 127
136 69 15
48 164 26
46 23 150
150 57 77
87 105 181
20 187 43
70 156 108
12 23 94
172 11 59
196 177 145
107 199 9
93 80 185
52 137 155
181 13 4
72 58 12
199 12 28
67 29 6
90 197 146
199 177 32
112 53 44
10 125 18
195 110 122
49 162 11
21 105 72
61 100 113
56 173 54
165 180 33
190 124 69
30 192 9
38 18 36
49 164 2
117 96 78
28 12 191
33 54 26
124 44 123
160 131 133
27 114 41
105 116 75
155 177 111
185 163 17
184 1 13
71 75 145
70 0 89
88 135 111
54 194 198
2 11 86
69 141 17
23 4 85
188 192 25
1 55 192
152 50 142
63 154 29
45 40 186
26 132 65
0 143 6
121 148 19
159 3 191
161 62 99
156 141 43
108 197 113
47 81 70
89 193 162
4 126 126
148 24 8
162 72 117
95 195 85
112 116 87
8 106 60
74 76 143
68 11 74
178 15 137
160 29 65
20 192 92
156 139 35
154 130 94
72 128 169
92 106 74
